7.49633e-08
6.0821e-05
-2.29266e-05
-4.54251e-05
2.9557e-05
6.16301e-05
-4.5363e-05
-8.00333e-05
6.73963e-05
0.000100595
-9.64864e-05
-0.000123018
0.00013385
0.000146755
-0.00018083
-0.000171053
0.000238862
0.000194896
-0.000309415
-0.000217022
0.000394002
0.00023587
-0.000494092
-0.000249578
0.000611125
0.000255934
-0.000746452
-0.000252387
0.000901316
0.000236015
-0.00107678
-0.000203557
0.00127374
0.000151357
-0.00149281
-7.53638e-05
0.00173438
-2.88785e-05
-0.00199851
0.000166229
0.00228495
-0.00034198
-0.00259303
0.000561883
0.0029218
-0.000832258
-0.00326986
0.00115997
0.00363547
-0.00155264
-0.00401643
0.00201878
0.00441024
-0.00256801
-0.00481402
0.00321145
0.00522457
-0.00396234
-0.0056384
0.00483659
0.00605176
-0.00585412
-0.00646075
0.00704047
0.00686135
-0.00842953
-0.00724935
0.0100675
0.00762067
-0.0120198
-0.00797126
0.0143829
0.00829709
-0.0173046
-0.0085945
0.0210251
0.00885994
-0.0259602
-0.00909028
0.0328979
0.00928273
-0.0435303
-0.00943493
0.0622628
0.00954501
-0.105259
-0.00961162
0.318028
0.509634
0.318028
-0.00961162
-0.105259
0.00954501
0.0622628
-0.00943493
-0.0435303
0.00928273
0.0328979
-0.00909028
-0.0259602
0.00885994
0.0210251
-0.0085945
-0.0173046
0.00829709
0.0143829
-0.00797126
-0.0120198
0.00762067
0.0100675
-0.00724935
-0.00842953
0.00686135
0.00704047
-0.00646075
-0.00585412
0.00605176
0.00483659
-0.0056384
-0.00396234
0.00522457
0.00321145
-0.00481402
-0.00256801
0.00441024
0.00201878
-0.00401643
-0.00155264
0.00363547
0.00115997
-0.00326986
-0.000832258
0.0029218
0.000561883
-0.00259303
-0.00034198
0.00228495
0.000166229
-0.00199851
-2.88785e-05
0.00173438
-7.53638e-05
-0.00149281
0.000151357
0.00127374
-0.000203557
-0.00107678
0.000236015
0.000901316
-0.000252387
-0.000746452
0.000255934
0.000611125
-0.000249578
-0.000494092
0.00023587
0.000394002
-0.000217022
-0.000309415
0.000194896
0.000238862
-0.000171053
-0.00018083
0.000146755
0.00013385
-0.000123018
-9.64864e-05
0.000100595
6.73963e-05
-8.00333e-05
-4.5363e-05
6.16301e-05
2.9557e-05
-4.54251e-05
-2.29266e-05
6.0821e-05
7.49633e-08
