-1.20162e-05
-3.18266e-09
1.86527e-08
-3.79292e-08
6.50332e-08
-1.06641e-07
1.53831e-07
-2.16047e-07
2.85501e-07
-3.67308e-07
4.59993e-07
-5.60374e-07
6.69356e-07
-7.84674e-07
9.01081e-07
-1.01751e-06
1.13296e-06
-1.24009e-06
1.3341e-06
-1.41574e-06
1.48564e-06
-1.53849e-06
1.56892e-06
0.249998
1.56892e-06
-1.53849e-06
1.48564e-06
-1.41574e-06
1.3341e-06
-1.24009e-06
1.13296e-06
-1.01751e-06
9.01081e-07
-7.84674e-07
6.69356e-07
-5.60374e-07
4.59993e-07
-3.67308e-07
2.85501e-07
-2.16047e-07
1.53831e-07
-1.06641e-07
6.50332e-08
-3.79292e-08
1.86527e-08
-3.18266e-09
