1.02849e-05
-1.9365e-05
3.31581e-05
-5.31483e-05
8.11205e-05
-0.000119131
0.000169559
-0.000235152
0.000319064
-0.000425001
0.000557396
-0.000721733
0.000925099
-0.00117714
0.00149175
-0.00189024
0.00240772
-0.00310695
0.0041126
-0.00571231
0.00874843
-0.0171796
0.225068
0.0203501
-0.00955333
0.00608101
-0.00432789
0.00325031
-0.00251109
0.0019686
-0.00155306
0.00122606
-0.000964539
0.000753654
-0.000583204
0.000445759
-0.000335617
0.000248186
-0.000179674
0.000126826
-8.68498e-05
5.73067e-05
-3.60686e-05
2.13284e-05
-1.15334e-05
2.43064e-05
