-1.20162e-05
-1.72407e-05
3.1583e-05
-5.30866e-05
8.39601e-05
-0.00012681
0.000184681
-0.000261039
0.000359903
-0.000485919
0.000644548
-0.000842376
0.00108764
-0.00139111
0.00176763
-0.00223895
0.00283897
-0.0036246
0.00470004
-0.00627909
0.00887935
-0.0141521
0.031686
0.159126
-0.0225338
0.01187
-0.00784018
0.00567509
-0.00429959
0.00333706
-0.0026218
0.00206955
-0.00163285
0.00128268
-0.00100002
0.000771611
-0.000587669
0.000440578
-0.000324173
0.000233293
-0.000163518
0.000111035
-7.24751e-05
4.49964e-05
-2.61064e-05
1.37181e-05
