-1.05589e-05
2.13481e-05
-3.78562e-05
6.22114e-05
-9.67776e-05
0.000144273
-0.00020789
0.000291279
-0.000398642
0.000534869
-0.000705768
0.000918393
-0.0011817
0.0015076
-0.00191285
0.00242247
-0.0030764
0.00394354
-0.00515437
0.00698971
-0.0101822
0.017424
-0.0529645
-0.0529645
0.017424
-0.0101822
0.00698971
-0.00515437
0.00394354
-0.0030764
0.00242247
-0.00191285
0.0015076
-0.0011817
0.000918393
-0.000705768
0.000534869
-0.000398642
0.000291279
-0.00020789
0.000144273
-9.67776e-05
6.22114e-05
-3.78562e-05
2.13481e-05
-1.05589e-05
