-8.01489e-06
1.58826e-05
-2.79511e-05
4.56913e-05
-7.07804e-05
0.000105202
-0.00015121
0.000211422
-0.000288847
0.000386989
-0.000510013
0.000663008
-0.000852445
0.00108697
-0.00137881
0.00174631
-0.00221895
0.00284789
-0.00373096
0.00508139
-0.00746731
0.0130652
-0.0449634
-0.0320834
0.0116536
-0.00694926
0.00480967
-0.00356133
0.00273074
-0.00213275
0.00168026
-0.00132686
0.00104547
-0.000819022
0.00063603
-0.000488288
0.000369593
-0.000275052
0.000200618
-0.000142881
9.89003e-05
-6.61272e-05
4.23392e-05
-2.56206e-05
1.43358e-05
-6.6905e-06
