2.22267e-08
-1.5149e-08
2.8366e-08
-5.48545e-08
9.03476e-08
-1.35681e-07
1.93187e-07
-2.56248e-07
3.33695e-07
-4.27904e-07
5.26675e-07
-6.3167e-07
7.46342e-07
-8.61962e-07
9.79658e-07
-1.09462e-06
1.20516e-06
-1.30314e-06
1.39015e-06
-1.46371e-06
1.52339e-06
-1.56186e-06
1.57784e-06
-1.57473e-06
1.55111e-06
-1.50512e-06
1.44032e-06
-1.36222e-06
1.27291e-06
-1.16985e-06
1.05702e-06
-9.39158e-07
8.2415e-07
-7.06471e-07
5.95998e-07
-4.92599e-07
3.97382e-07
-3.10356e-07
2.36477e-07
-1.7028e-07
1.18432e-07
-8.7114e-08
4.48433e-08
-2.367e-08
8.27633e-09
1.06601e-06
