9.14359e-06
-1.75841e-05
3.05169e-05
-4.93927e-05
7.59368e-05
-0.0001122
0.000160461
-0.000223414
0.000304143
-0.000406259
0.000534032
-0.000692756
0.000889194
-0.00113247
0.00143559
-0.00181831
0.00231277
-0.00297553
0.00391684
-0.00538362
0.00806397
-0.014853
0.0749967
0.0249154
-0.0105031
0.00648779
-0.00455675
0.00339892
-0.00261624
0.00204719
-0.0016139
0.0012742
-0.00100313
0.000784773
-0.000608316
0.000465949
-0.000351734
0.000260918
-0.000189595
0.000134434
-9.25639e-05
6.14912e-05
-3.90479e-05
2.33717e-05
-1.28714e-05
8.98595e-06
